MODIS: 
min: [20, 412, 2, 35, 65, 2]
max: [7113, 7766, 6484, 6788, 6564, 4735]
mean: [860.19945305, 2475.44628988, 582.47434822, 887.45916135, 1735.29294439, 1034.11846855]
std: [396.83556466, 671.3033849, 394.82372062, 378.09109307, 455.40488832, 364.96818188]

S1: 
min: [-48, -50]
max: [1, 1]
mean: [-9.6334679, -16.76533283]
std: [4.03766336, 4.28410922]

S2: 
min: [87, 210, 129, 250, 99, 54, 61, 46]
max: [6884.04, 6996.04, 6944, 7146, 8000.08, 8464, 7320, 7938]
mean: [921.53919652, 1138.64855809, 1094.08537426, 1483.95639562, 2556.91823607, 2629.38505853, 1974.45128672, 1468.42488102]
std: [536.32987193, 540.95303603, 590.69740503, 583.05947553, 1058.82295588, 1071.90393996, 765.12367657, 706.8396577]

